Run semi-empirical minimization
 &qmmm
    qm_theory='AM1', grms_tol=0.0005,
 scfconv=1.d-10, ndiis_attempts=700,   qmcharge=0,
 /
   6    C1        2.9130        1.1580       -1.9900 
   6    C2        1.2850        0.9130       -1.6060 
   6    C3        1.0690       -0.0080       -0.1230 
   6    C4       -0.4950       -0.3110        0.4340 
   1    H1        3.5270        1.2410       -1.0750 
   1    H2        3.3170        0.3140       -2.5700 
   1    H3        3.0580        2.0750       -2.5730 
   1    H4        0.7740        1.8850       -1.5170 
   1    H5        0.7910        0.3850       -2.4360 
   1    H6        1.5910       -0.9720       -0.2330 
   1    H7        1.6160        0.5130        0.6790 
   1    H8       -0.5420       -0.2630        1.5310 
   1    H9       -1.2070        0.4320        0.0300 
   1   H10       -0.8420       -1.3000        0.1130 

