Run semi-empirical minimization
 &qmmm
    qm_theory='AM1', grms_tol=0.0005,
 scfconv=1.d-10, ndiis_attempts=700,   qmcharge=0,
 /
   6     C        0.1860       -1.9680       -0.8620 
   6    C1        1.1770       -0.8590       -0.4350 
   6    C2        1.4010        0.2030       -1.5520 
   6    C3        2.4350        1.3410       -1.2400 
   6    C4        2.0270        2.1830        0.0030 
   6    C5        2.6440        2.3040       -2.4590 
   6    C6        3.2070        1.6560       -3.7460 
   1     H        0.0650       -2.6880       -0.0500 
   1    H1        0.5570       -2.4960       -1.7430 
   1    H2       -0.7890       -1.5340       -1.0930 
   1    H3        0.7810       -0.3860        0.4670 
   1    H4        2.1340       -1.3250       -0.1820 
   1    H5        1.7430       -0.3470       -2.4310 
   1    H6        0.4370        0.6560       -1.8000 
   1    H7        3.3980        0.8730       -1.0130 
   1    H8        2.7350        2.9970        0.1680 
   1    H9        2.0210        1.5720        0.9070 
   1   H10        1.0340        2.6170       -0.1340 
   1   H11        3.3520        3.0870       -2.1710 
   1   H12        1.6960        2.7930       -2.7070 
   1   H13        3.4320        2.4330       -4.4770 
   1   H14        2.4790        0.9780       -4.1940 
   1   H15        4.1250        1.1070       -3.5320 

